Time	Temp	Hum	Baro	Acc(x)	Acc(y)	Acc(z)	Mag(x)	Mag(y)	Mag(z)	Gyro(x)	Gyro(y)	Gyro(z)	Light
19:01:18	-9999	-9999	-9999	-9999	-9999	-9999	-9999	-9999	-9999	-9999	-9999	-9999	182.0
19:01:19	-9999	-9999	1008.20996	0.5363012	4.2521024	7.9870567	5.75	16.5	-27.5	0.37384954	-0.8918633	-0.07086037	210.0
19:01:20	-9999	-9999	1008.26996	3.9264908	3.8498764	8.734048	-4.5625	13.5625	-30.375	0.09773844	-1.8619173	0.30543262	210.0
19:01:21	-9999	-9999	1008.26996	6.5505357	2.0494366	6.4739213	-8.0	21.6875	-24.375	-0.18936823	0.816116	-0.22235495	38.0
19:01:22	-9999	-9999	1008.26996	5.707777	1.8579005	7.680599	-6.0	21.4375	-31.1875	-0.48258355	-0.056199603	0.14049901	182.0
19:01:23	-9999	-9999	1008.26996	8.063671	1.532289	3.8881836	-23.25	17.5625	-34.375	0.24923302	-1.2070698	-0.15149458	31.0
19:01:24	-9999	-9999	1008.3	7.642292	0.2873042	7.0102224	-10.0625	9.6875	-30.625	-0.7819075	-1.609019	-0.015882496	175.0
19:01:25	-9999	-9999	1008.38995	6.703765	1.2641385	7.086837	-6.3125	11.25	-27.4375	0.24190263	-1.5931365	-0.089186326	196.0
19:01:26	-9999	-9999	1008.24	7.699753	-1.3215994	-3.2944214	-14.875	14.9375	-9.5625	0.080634214	-0.3811799	1.1704178	1.0
19:01:27	-9999	-9999	1008.3	8.90643	-1.5897499	-5.0374002	-9.25	20.0625	-8.1875	0.119729586	-0.13439035	0.06841691	1.0
19:01:28	-9999	-9999	1008.3	8.101978	-1.6472107	-5.133168	-8.5625	22.625	-9.875	-0.2883284	0.14294247	-0.21502456	1.0
19:01:29	-9999	-9999	1008.32996	8.791509	-1.6089035	-4.7500963	-11.5625	25.5625	-13.8125	-0.10995574	-0.02321288	0.018325957	1.0
19:01:30	-9999	-9999	1008.32996	8.714894	-1.4748282	-4.807557	-16.25	27.0	-11.8125	-0.065973446	-0.039095376	-0.009773844	1.0
19:01:31	-9999	-9999	1008.3	8.6574335	-1.1683705	-4.9224787	-18.3125	24.625	-9.75	-0.09896017	-0.010995574	-0.02687807	1.0
19:01:32	-9999	-9999	1008.32996	8.523358	-1.1683705	-4.8458643	-17.0625	19.625	-7.25	-0.081855945	-0.06352998	-0.019547688	1.0
19:01:33	-9999	-9999	1008.24	8.734048	-0.9959879	-5.0757074	-13.6875	18.1875	-10.5625	-0.080634214	-0.040317107	-0.035430185	1.0
19:01:34	-9999	-9999	1008.3	8.561666	-0.9768343	-4.9799395	-12.1875	18.0	-12.5	-0.06963864	-0.034208454	-0.013439035	1.0
19:01:35	-9999	-9999	1008.38995	8.63828	-0.8810662	-5.171476	-11.0625	17.875	-10.6875	-0.07086037	-0.040317107	0.0036651916	1.0
19:01:36	-9999	-9999	1008.3	8.714894	-0.5363012	-5.267244	-7.875	18.625	-9.5	-0.062308256	-0.052534413	-0.002443461	1.0
19:01:37	-9999	-9999	1008.24	8.580819	-0.8810662	-4.8458643	-9.125	19.375	-10.4375	-0.057421334	-0.05009095	-0.0061086523	1.0
19:01:38	-9999	-9999	1008.3	8.734048	-1.3215994	-5.1523223	-11.8125	18.875	-12.0625	-0.087964594	-0.035430185	0.015882496	1.0
19:01:39	-9999	-9999	1008.3	8.542512	-0.9959879	-4.999093	-11.0	17.75	-12.8125	-0.07452556	-0.02565634	-0.009773844	1.0
19:01:40	-9999	-9999	1008.32996	8.714894	-0.63206923	-5.209783	-11.1875	18.1875	-12.5625	-0.118507855	0.002443461	-0.013439035	1.0
19:01:41	-9999	-9999	1008.36	8.580819	-0.7278373	-5.094861	-13.0	22.0625	-0.375	-0.064751714	-0.052534413	-0.017104227	1.0
19:01:42	-9999	-9999	1008.38995	8.599973	-0.93852705	-5.171476	-13.6875	23.5	-1.8125	-0.0720821	-0.05375614	0.004886922	1.0
19:01:43	-9999	-9999	1008.32996	8.619126	-0.9576807	-5.305551	-13.1875	22.5625	-7.875	-0.07086037	-0.015882496	-0.009773844	1.0
19:01:44	-9999	-9999	1008.3	8.6574335	-0.7278373	-5.267244	-15.1875	22.625	-8.125	-0.08552113	-0.014660766	-0.029321533	1.0
19:01:45	-9999	-9999	1008.32996	8.619126	-0.51714754	-5.0757074	-15.5	21.875	-10.375	-0.080634214	-0.06719518	-0.028099801	1.0
19:01:46	-9999	-9999	1008.38995	8.408437	-0.51714754	-5.3247046	-12.5625	19.1875	-12.5	-0.057421334	-0.029321533	-0.012217305	1.0
19:01:47	-9999	-9999	1008.3	8.561666	-0.5746084	-5.2289367	-10.0	17.125	-13.8125	-0.06719518	-0.03176499	-0.009773844	1.0
19:01:48	-9999	-9999	1008.32	8.485051	-0.93852705	-5.3247046	-15.5625	29.5625	-6.4375	-0.0720821	-0.111177474	-0.013439035	1.0
19:01:49	-9999	-9999	1008.29	8.963891	-0.5554548	-5.3821654	-19.4375	27.5	-0.375	-0.0842994	0.059864793	0.0061086523	1.0
19:01:50	-9999	-9999	1008.29	8.580819	-0.45968673	-5.45878	-20.75	27.75	-1.5	-0.062308256	-0.040317107	-0.004886922	1.0
19:01:51	-9999	-9999	1008.25995	8.714894	-0.7469909	-4.9224787	-23.9375	26.6875	5.0625	-0.058643065	-0.06841691	0.02321288	1.0
19:01:52	-9999	-9999	1008.25995	8.465898	-1.4748282	-5.841852	-24.5625	23.3125	12.25	-0.04520403	-0.087964594	0.0036651916	1.0
19:01:53	-9999	-9999	1008.32	8.561666	-0.93852705	-5.1906295	-23.125	15.875	3.125	-0.05497787	-0.10995574	0.010995574	1.0
19:01:54	-9999	-9999	1008.25995	8.619126	-0.22984336	-5.305551	-20.5625	12.0625	-0.6875	-0.05497787	-0.042760566	0.017104227	1.0
19:01:56	-9999	-9999	1008.35	8.676587	-0.019153614	-5.133168	-20.0	17.5	8.8125	-0.089186326	0.02687807	0.013439035	1.0
19:01:57	-9999	-9999	1008.25995	8.408437	-0.842759	-5.3438582	-17.5625	18.0625	4.5	-0.0720821	-0.061086524	-0.015882496	1.0
19:01:58	-9999	-9999	1008.17	8.829816	-0.80445176	-5.094861	-12.5625	17.8125	-4.75	-0.06841691	-0.008552114	0.002443461	1.0
19:01:59	-9999	-9999	1008.29	8.523358	-0.1340753	-5.2289367	-9.375	19.3125	-10.5625	-0.09773844	0.04642576	-0.019547688	1.0
19:02:00	-9999	-9999	1008.25995	8.791509	-0.38307226	-5.497087	-4.625	30.375	-18.3125	-0.080634214	-0.034208454	-0.0036651916	1.0
19:02:01	-9999	-9999	1008.29	8.63828	-0.1340753	-4.999093	-19.6875	54.5625	18.5625	-0.04886922	-0.030543262	0.004886922	1.0
19:02:02	-9999	-9999	1008.23	8.599973	-0.51714754	-5.3821654	-24.375	34.9375	57.625	-0.065973446	-0.04886922	-0.02687807	1.0
19:02:03	-9999	-9999	1008.29	8.465898	-0.9959879	-4.9799395	-4.75	2.6875	50.375	-0.052534413	-0.07574729	0.002443461	1.0
19:02:04	-9999	-9999	1008.19995	8.829816	-0.93852705	-4.8841715	-3.6875	1.875	25.625	-0.08674286	0.037873644	-0.039095376	1.0
19:02:05	-9999	-9999	1008.25995	8.7532015	-0.38307226	-4.999093	-8.875	-1.125	13.125	-0.10262536	0.012217305	-0.019547688	1.0
19:02:06	-9999	-9999	1008.23	8.599973	-0.2873042	-4.7500963	-13.375	2.6875	6.8125	-0.096516706	-0.05009095	-0.028099801	1.0
19:02:07	-9999	-9999	1008.17	8.734048	-0.24899697	-5.171476	-8.75	8.5	1.375	-0.07086037	-0.07696902	-0.021991149	1.0
19:02:08	-9999	-9999	1008.25995	8.868123	-0.2873042	-4.9224787	-7.0625	12.875	-3.4375	-0.0842994	0.014660766	-0.010995574	1.0
19:02:09	-9999	-9999	1008.29	8.848969	-0.38307226	-5.0374002	-11.25	17.75	-3.75	-0.08307768	-0.05009095	0.013439035	1.0
19:02:10	-9999	-9999	1008.19995	8.7532015	-1.2258313	-4.654328	-12.6875	20.8125	-7.5625	-0.058643065	-0.009773844	-0.019547688	1.0
19:02:11	-9999	-9999	1008.13995	8.963891	-1.532289	-4.999093	-13.0625	23.0	-6.5	-0.007330383	-0.059864793	0.05375614	1.0
19:02:12	-9999	-9999	1008.13995	8.7532015	-1.4556746	-5.056554	-13.4375	23.9375	-4.9375	-0.047647487	-0.11362094	0.009773844	1.0
19:02:13	-9999	-9999	1008.23	8.829816	-0.32561144	-4.7309427	-13.8125	23.1875	-5.6875	-0.018325957	-0.04520403	0.035430185	1.0
19:02:14	-9999	-9999	1008.25995	8.829816	-0.34476504	-4.960786	-13.875	23.125	-5.875	-0.057421334	-0.039095376	0.007330383	1.0
19:02:15	-9999	-9999	1008.23	8.7532015	-0.30645782	-4.9416323	-13.375	23.5625	-6.125	-0.0720821	-0.036651913	-0.010995574	1.0
19:02:16	-9999	-9999	1008.29	8.7532015	-0.30645782	-4.865018	-13.5625	23.5	-5.5	-0.058643065	-0.037873644	-0.008552114	1.0
19:02:17	-9999	-9999	1008.23	8.810662	-0.2681506	-4.9799395	-13.375	23.25	-4.1875	-0.06841691	-0.032986723	-0.0061086523	1.0
19:02:18	-9999	-9999	1008.19995	8.791509	-0.30645782	-4.8267107	-12.5625	23.9375	-4.5	-0.065973446	-0.02321288	-0.008552114	1.0
19:02:19	-9999	-9999	1008.32	8.868123	-0.30645782	-4.999093	-11.875	24.3125	-5.1875	-0.073303826	-0.009773844	-0.009773844	1.0
19:02:20	-9999	-9999	1008.17	8.714894	-0.22984336	-4.8267107	-11.4375	24.25	-6.1875	-0.073303826	-0.03176499	-0.017104227	1.0
19:02:21	-9999	-9999	1008.23	8.734048	-0.30645782	-4.8841715	-12.5625	24.0625	-5.8125	-0.06963864	-0.042760566	-0.02076942	1.0
19:02:22	-9999	-9999	1008.23	8.7532015	-0.2681506	-5.0757074	-12.375	23.625	-4.9375	-0.07452556	-0.034208454	-0.008552114	1.0
19:02:23	-9999	-9999	1008.23	8.810662	-0.2873042	-5.0182467	-12.4375	24.1875	-5.6875	-0.06352998	-0.05131268	0.0036651916	1.0
19:02:24	-9999	-9999	1008.25995	8.772355	-0.30645782	-4.9416323	-11.5	23.9375	-6.125	-0.05375614	-0.056199603	0.0036651916	1.0
19:02:25	-9999	-9999	1008.25995	8.810662	-0.2873042	-4.999093	-11.4375	24.0	-7.0	-0.06963864	-0.037873644	-0.008552114	1.0
19:02:26	-9999	-9999	1008.23	8.829816	-0.24899697	-4.9224787	-12.5	23.75	-6.3125	-0.09040806	-0.015882496	-0.012217305	1.0
19:02:27	-9999	-9999	1008.23	8.676587	-0.24899697	-4.9799395	-12.25	23.75	-6.8125	-0.061086524	-0.034208454	-0.0036651916	1.0
19:02:28	-9999	-9999	1008.29	8.887277	-0.36391866	-4.903325	-12.875	23.3125	-7.25	-0.04886922	-0.039095376	0.03176499	1.0
19:02:29	-9999	-9999	1008.23	8.848969	-0.21068975	-4.8458643	-13.5625	23.5625	-7.0625	-0.065973446	-0.042760566	-0.004886922	1.0
19:02:30	-9999	-9999	1008.25995	8.810662	-0.2873042	-4.7884035	-13.6875	23.125	-6.5625	-0.06841691	-0.04153884	-0.0061086523	1.0
19:02:31	-9999	-9999	1008.23	8.829816	-0.32561144	-4.8458643	-14.5625	23.25	-6.625	-0.05375614	-0.043982297	-0.004886922	1.0
19:02:32	-9999	-9999	1008.23	8.90643	-0.15322891	-4.903325	-15.1875	23.5625	-6.1875	-0.081855945	-0.02687807	-0.014660766	1.0
19:02:33	-9999	-9999	1008.23	8.734048	-0.19153613	-5.0182467	-15.125	23.25	-6.375	-0.15149458	-0.12583824	-0.004886922	1.0
19:02:34	-9999	-9999	1008.29	2.9496565	6.5122285	7.3166804	-23.625	-8.125	-15.125	-0.45814893	-0.36896262	0.2883284	1.0
19:02:35	-9999	-9999	1008.32	6.339846	3.2944214	-3.1986535	-21.0625	4.625	3.125	1.423316	0.29443705	1.7397442	1.0
19:02:36	-9999	-9999	1008.25995	9.059659	2.2984335	-3.6774938	-18.25	18.8125	-4.0	-0.058643065	-0.040317107	0.014660766	1.0
19:02:37	-9999	-9999	1008.29	9.11712	2.1452048	-3.6774938	-18.25	19.25	-3.9375	-0.06719518	-0.04520403	-0.007330383	1.0
19:02:38	-9999	-9999	1008.23	9.155427	2.2026656	-3.5817258	-17.625	19.375	-4.0625	-0.0720821	-0.034208454	-0.0061086523	1.0
19:02:39	-9999	-9999	1008.32	7.6614456	4.271256	-4.232949	-17.8125	14.125	5.25	-2.1844542	-3.3609805	0.34697145	1.0
19:02:40	-9999	-9999	1008.19995	1.1683705	0.38307226	-10.28549	0.5625	22.0625	14.1875	0.6462954	-0.75869465	0.44104472	1.0
19:02:41	-9999	-9999	1008.25995	4.711789	1.4556746	-8.772355	-14.375	18.25	8.5	-0.018325957	-0.28221974	0.05131268	1.0
19:02:42	-9999	-9999	1008.19995	4.8458643	1.7621324	-9.174581	-15.8125	18.0625	7.3125	-0.07941248	-0.058643065	0.013439035	1.0
19:02:43	-9999	-9999	1008.29	4.3861775	1.6280571	-9.097966	-16.375	18.875	6.0625	-0.2003638	-0.13439035	0.11484267	1.0
19:02:44	-9999	-9999	1008.19995	4.596867	2.3942018	-9.136273	-19.0625	13.5625	-2.3125	-0.07452556	-0.089186326	0.02321288	1.0
19:02:45	-9999	-9999	1008.23	4.1371803	2.566584	-9.002198	-20.4375	12.25	-5.9375	0.04153884	-0.16493362	-0.089186326	1.0
19:02:46	-9999	-9999	1008.23	4.175488	2.7581203	-9.385271	-27.375	9.3125	-8.5	-0.042760566	-0.056199603	-0.0012217305	1.0
19:02:47	-9999	-9999	1008.29	4.405331	3.2944214	-8.963891	-27.8125	11.0	-16.625	0.017104227	-0.18448131	-0.010995574	1.0
19:02:48	-9999	-9999	1008.25995	4.462792	4.232949	-8.485051	-40.1875	6.375	-19.375	-0.009773844	-0.18570304	-0.059864793	1.0
19:02:49	-9999	-9999	1008.29	3.9839516	3.6966474	-9.461885	-37.8125	2.75	-4.875	0.012217305	0.12095132	-0.09040806	1.0
19:02:50	-9999	-9999	1008.29	3.2561142	3.7924154	-8.236053	-40.25	1.4375	-7.1875	0.16982053	-0.7367035	0.13194689	1.0
19:02:51	-9999	-9999	1008.25995	-0.21068975	2.4516625	-9.9790325	2.875	10.4375	15.5	-0.008552114	-1.2718215	-0.41416663	1.0
19:02:52	-9999	-9999	1008.23	8.963891	2.834735	-1.3215994	-18.0	14.5625	8.5625	-0.028099801	1.4672983	0.036651913	1.0
19:02:53	-9999	-9999	1008.13995	1.4748282	2.7581203	10.419566	9.6875	14.1875	-35.75	-0.5766568	0.3848451	-0.376293	0.0
19:02:54	-9999	-9999	1008.19995	-3.0262709	1.8962077	8.178593	25.5625	17.9375	-12.8125	0.7305948	0.30176744	0.105068825	0.0
19:02:55	-9999	-9999	1008.19995	-1.6663644	0.7661445	9.32781	24.1875	19.8125	-17.75	-0.15393804	-0.49113566	-0.16126843	0.0
19:02:56	-9999	-9999	1008.23	-3.3135753	3.2944214	8.255207	21.5	23.4375	-20.9375	-0.5119051	0.64873886	0.12095132	77.0
19:02:57	-9999	-9999	1008.19995	-3.1794999	2.5474305	8.772355	22.375	23.5	-16.25	-0.17348573	0.04886922	0.08552113	89.0
19:02:58	-9999	-9999	1008.29	-2.815581	3.1986535	9.097966	22.125	23.1875	-16.5	-0.009773844	-0.20891592	0.042760566	100.0
19:02:59	-9999	-9999	1008.25995	-2.9496565	3.1411927	8.848969	21.0	23.5	-15.5	-0.014660766	-0.12339478	-0.028099801	117.0
19:03:00	-9999	-9999	1008.23	4.1180267	-0.05746084	8.7532015	8.0	25.875	-21.75	0.06841691	-1.7116444	-0.22968534	87.0
19:03:01	-9999	-9999	1008.19995	0.2873042	0.34476504	9.097966	1.0	25.5625	-22.6875	-0.2724459	0.752586	-0.27122417	281.0
19:03:02	-9999	-9999	1008.19995	1.1875241	3.1411927	10.419566	-3.8125	24.5	-27.375	0.2761111	0.080634214	-0.27122417	253.0
19:03:03	-9999	-9999	1008.19995	-0.82360536	2.0685902	8.983045	10.3125	28.125	-26.1875	0.20769419	-0.5522222	0.073303826	295.0
19:03:04	-9999	-9999	1008.23	0.2873042	1.4748282	9.749189	19.0625	23.1875	-19.0	-0.3042109	-0.66828656	-0.08307768	267.0
19:03:05	-9999	-9999	1008.23	1.6663644	0.34476504	9.212888	16.5625	25.0	-13.6875	0.26145032	-0.75502944	-0.27122417	210.0
19:03:06	-9999	-9999	1008.29	0.095768064	0.11492168	9.80665	15.5	23.625	-14.625	-0.16737708	0.07819075	0.009773844	210.0
19:03:07	-9999	-9999	1008.25995	-0.05746084	0.15322891	9.691729	14.8125	24.9375	-14.9375	-0.0720821	-0.06841691	0.035430185	154.0
19:03:08	-9999	-9999	1008.25995	-0.11492168	0.21068975	9.768343	15.3125	24.625	-15.25	-0.065973446	-0.05131268	-0.002443461	196.0
19:03:09	-9999	-9999	1008.25995	-0.076614454	0.095768064	9.672575	15.1875	23.625	-15.8125	-0.07086037	-0.042760566	-0.012217305	196.0
19:03:10	-9999	-9999	1008.23	-0.19153613	0.30645782	9.653421	15.75	23.4375	-16.0	-0.06719518	-0.056199603	-0.009773844	196.0
19:03:11	-9999	-9999	1008.23	-0.1340753	0.2873042	9.672575	15.0625	23.8125	-16.0625	-0.06719518	-0.056199603	0.008552114	196.0
19:03:12	-9999	-9999	1008.25995	-0.22984336	0.17238252	9.691729	15.3125	23.0625	-16.5625	0.0012217305	-0.002443461	-0.0036651916	196.0
19:03:13	-9999	-9999	1008.32	-0.2873042	0.095768064	9.653421	16.5625	23.5625	-20.125	0.010995574	-0.0012217305	0.004886922	196.0
19:03:14	-9999	-9999	1008.23	-0.21068975	0.1340753	9.691729	17.0	23.375	-19.8125	-0.019547688	0.013439035	-0.0061086523	196.0
19:03:15	-9999	-9999	1008.17	-0.24899697	0.19153613	9.768343	15.875	23.6875	-20.25	-0.009773844	-0.0036651916	-0.008552114	196.0
19:03:16	-9999	-9999	1008.25995	-0.34476504	0.1340753	9.634268	16.3125	23.125	-19.8125	0.007330383	-0.0036651916	-0.0061086523	196.0
19:03:17	-9999	-9999	1008.23	-0.2681506	0.21068975	9.576807	15.4375	23.9375	-18.375	0.0012217305	-0.018325957	0.017104227	196.0
19:03:18	-9999	-9999	1008.25995	-0.22984336	0.19153613	9.595961	14.5	24.6875	-17.1875	0.017104227	-0.010995574	-0.007330383	196.0
19:03:19	-9999	-9999	1008.19	-0.19153613	1.1300632	9.5385	14.0625	24.1875	-17.25	0.015882496	-0.0012217305	-0.0012217305	196.0
19:03:20	-9999	-9999	1008.19	-0.17238252	0.34476504	9.595961	14.75	25.4375	-19.9375	-0.02565634	-0.002443461	0.0036651916	196.0
19:03:21	-9999	-9999	1008.25	-0.19153613	0.0	9.80665	14.875	26.3125	-20.4375	-0.007330383	-0.02321288	0.010995574	196.0
19:03:22	-9999	-9999	1008.22	-0.076614454	0.0	9.768343	15.3125	25.6875	-21.6875	-0.009773844	-0.02321288	0.002443461	196.0
19:03:23	-9999	-9999	1008.27997	-0.038307227	0.45968673	9.672575	15.5625	23.6875	-20.0625	0.015882496	-0.0012217305	0.004886922	196.0
19:03:24	-9999	-9999	1008.27997	-0.038307227	0.7469909	9.672575	12.9375	23.6875	-19.1875	0.004886922	0.0	-0.008552114	196.0
19:03:27	-9999	-9999	1008.16	-0.19153613	-0.22984336	9.653421	14.375	20.75	-20.0625	-0.0012217305	-0.0036651916	-0.007330383	196.0
19:03:28	-9999	-9999	1008.19	-0.34476504	0.21068975	9.787497	12.1875	16.5	-22.125	-0.05009095	-0.02565634	0.06963864	196.0
19:03:33	-9999	-9999	1008.27997	-0.19153613	0.34476504	9.864111	13.3125	17.0	-23.6875	0.3726278	-0.18692477	0.015882496	196.0
19:03:36	-9999	-9999	1008.19	0.17238252	0.19153613	9.710882	5.6875	18.75	-24.875	0.012217305	0.039095376	-0.021991149	112.0
19:03:37	-9999	-9999	1008.13	-1.6089035	2.336741	9.11712	4.625	16.125	-21.75	0.02565634	0.028099801	-0.03176499	196.0
19:03:38	-9999	-9999	1008.19	-1.7812861	2.9113493	8.504205	4.8125	13.875	-25.5625	-0.058643065	0.07574729	-0.010995574	168.0
19:03:40	-9999	-9999	1008.19	-1.5897499	2.585738	9.3661175	3.6875	14.125	-25.1875	-0.018325957	-0.002443461	-0.007330383	196.0
19:03:41	-9999	-9999	1008.13	-1.4173675	3.3901896	9.193734	1.4375	7.8125	-30.8125	-0.035430185	0.02443461	-0.17837265	196.0
19:03:42	-9999	-9999	1008.27997	-0.91937345	2.336741	8.159439	-2.5	5.75	-34.5625	-0.70005155	0.5497787	1.4245378	239.0
19:03:43	-9999	-9999	1008.16	-2.4708161	1.5131354	8.791509	10.5	15.5625	-33.3125	-0.675617	0.4569272	-0.25045475	182.0
19:03:44	-9999	-9999	1008.04	-2.0111294	-0.11492168	9.059659	8.5	14.5625	-33.25	-0.49480084	0.31398472	-0.40683624	140.0
19:03:45	-9999	-9999	1008.22	-1.7429788	0.7469909	8.00621	5.3125	14.4375	-28.9375	-0.47158796	0.26389378	-0.24801129	196.0
19:03:46	-9999	-9999	1008.25	-3.9264908	0.82360536	8.7532015	9.25	11.8125	-27.5625	-0.05375614	-0.5363397	0.039095376	196.0
19:03:47	-9999	-9999	1008.19	-3.1603463	-0.8810662	9.576807	5.125	12.375	-23.5	0.0036651916	1.4660766	1.1349876	112.0
19:03:48	-9999	-9999	1008.04	-4.76925	-2.1068976	8.00621	2.4375	19.625	-12.0	0.07574729	0.10751228	0.015882496	140.0
19:03:49	-9999	-9999	1008.27997	-5.2480903	-1.436521	8.312668	3.625	28.0625	-18.875	-0.14294247	0.17837265	-0.028099801	168.0
19:03:50	-9999	-9999	1008.13	-5.209783	-1.8579005	8.1402855	12.1875	25.3125	-32.375	-0.02076942	-0.059864793	0.02687807	154.0
19:03:51	-9999	-9999	1008.16	-4.5777135	-2.1643584	8.37013	9.9375	22.875	-31.25	-0.10751228	0.012217305	-0.019547688	154.0
19:03:52	-9999	-9999	1008.25	-5.6120086	-0.8810662	8.025364	10.0625	21.875	-30.25	-0.02443461	0.24678956	-0.1441642	154.0
19:03:53	-9999	-9999	1008.13	-5.209783	-0.4213795	8.121132	9.9375	21.5625	-30.0	-0.017104227	0.007330383	-0.014660766	267.0
19:03:54	-9999	-9999	1008.22	-5.2863975	-0.4405331	8.159439	10.8125	21.5	-30.125	0.004886922	0.007330383	-0.0061086523	267.0
19:03:55	-9999	-9999	1008.16	-5.1906295	0.2681506	8.082825	10.4375	18.375	-33.25	-0.021991149	0.0	0.036651913	309.0
19:03:56	-9999	-9999	1008.19	-5.2480903	0.038307227	8.121132	9.6875	20.4375	-31.3125	-0.0012217305	-0.030543262	0.014660766	309.0
19:03:57	-9999	-9999	1008.19	-5.3247046	0.05746084	8.0445175	10.1875	20.5	-30.375	0.009773844	0.018325957	0.0	309.0
19:03:58	-9999	-9999	1008.22	-5.2289367	-0.076614454	8.1402855	10.875	20.5	-29.4375	0.012217305	-0.02321288	0.0036651916	182.0
19:03:59	-9999	-9999	1008.19	-5.3821654	0.24899697	8.063671	11.0	20.3125	-29.875	0.007330383	0.010995574	0.002443461	182.0
19:04:00	-9999	-9999	1008.19	-5.45878	0.40222588	7.9487495	12.4375	20.8125	-29.8125	-0.014660766	-0.030543262	0.028099801	182.0
19:04:01	-9999	-9999	1008.16	-5.1140146	-0.019153614	8.2169	13.5	20.125	-28.9375	0.017104227	-0.009773844	0.034208454	182.0
19:04:02	-9999	-9999	1008.22	-5.133168	0.15322891	8.197746	11.9375	18.375	-27.4375	0.002443461	0.037873644	0.028099801	182.0
19:04:03	-9999	-9999	1008.19	-15.801731	0.6703765	11.3964	20.3125	9.5625	-22.875	-2.5534167	-0.10140363	-1.7849482	182.0
19:04:04	-9999	-9999	1008.1	-7.1251445	0.05746084	6.4547677	12.9375	14.5625	-23.75	-0.009773844	0.013439035	-0.013439035	182.0
19:04:05	-9999	-9999	1008.19	-7.1634517	0.38307226	6.531382	12.125	16.0625	-22.75	-0.015882496	-0.002443461	-0.015882496	182.0
19:04:06	-9999	-9999	1008.13	-7.086837	0.24899697	6.5122285	11.1875	19.75	-22.375	-0.013439035	0.02321288	-0.0036651916	182.0
19:04:07	-9999	-9999	1008.13	-6.991069	0.19153613	6.435614	10.5	25.0	-22.875	-0.0012217305	-0.03176499	0.021991149	182.0
19:04:08	-9999	-9999	1008.1	-7.029376	-0.095768064	6.5505357	10.5625	27.75	-25.25	0.043982297	0.007330383	-0.009773844	84.0
19:04:09	-9999	-9999	1008.22	-7.067683	0.34476504	6.4739213	11.0	28.25	-24.5	-0.019547688	-0.02076942	-0.008552114	87.0
19:04:10	-9999	-9999	1008.16	-7.1251445	0.40222588	6.397307	11.75	28.0	-24.6875	0.012217305	0.007330383	-0.008552114	151.0
19:04:11	-9999	-9999	1008.19	-7.086837	0.30645782	6.4164605	12.0	28.1875	-24.375	0.007330383	0.015882496	-0.015882496	158.0
19:04:12	-9999	-9999	1008.1	-7.1251445	0.32561144	6.493075	11.25	27.6875	-25.6875	-0.0061086523	-0.014660766	0.0036651916	158.0
19:04:13	-9999	-9999	1008.22	-7.086837	0.32561144	6.531382	10.6875	27.75	-25.8125	-0.015882496	-0.032986723	0.015882496	158.0
19:04:14	-9999	-9999	1008.16	-7.029376	0.24899697	6.493075	10.6875	28.5	-25.5	0.002443461	0.0012217305	-0.021991149	158.0
19:04:15	-9999	-9999	1008.13	-7.201759	0.5746084	6.3781533	10.1875	28.125	-25.1875	-0.010995574	-0.004886922	0.02443461	158.0
19:04:16	-9999	-9999	1008.19	-7.2592196	1.1492168	6.435614	12.0625	28.1875	-26.75	0.0	0.002443461	-0.004886922	158.0
19:04:17	-9999	-9999	1008.25	-7.2592196	0.61291564	6.435614	16.3125	24.625	-29.625	-0.02687807	-0.02321288	-0.015882496	158.0
19:04:18	-9999	-9999	1008.16	-7.0485296	0.2681506	6.5696893	19.1875	25.625	-32.25	-0.009773844	-0.034208454	0.008552114	156.0
19:04:19	-9999	-9999	1008.19	-7.1251445	0.038307227	6.742072	20.5	17.375	-30.875	-0.0061086523	0.014660766	-0.010995574	156.0
19:04:20	-9999	-9999	1008.16	-7.144298	-0.038307227	6.6079965	15.375	15.0	-24.9375	-0.004886922	0.02076942	-0.02443461	156.0
19:04:21	-9999	-9999	1008.19	-7.0485296	-0.21068975	6.5696893	12.3125	16.5625	-22.0625	-0.0036651916	-0.004886922	0.002443461	156.0
19:04:22	-9999	-9999	1008.19	-7.2209125	0.2873042	6.5505357	12.25	16.6875	-22.8125	-0.0036651916	0.0	-0.004886922	156.0
19:04:23	-9999	-9999	1008.25	-7.1634517	0.34476504	6.3781533	12.9375	16.6875	-23.625	0.009773844	0.007330383	-0.007330383	156.0
19:04:24	-9999	-9999	1008.22	-7.086837	0.32561144	6.435614	14.125	16.5625	-23.625	0.010995574	0.0	0.0	156.0
19:04:25	-9999	-9999	1008.22	-7.067683	0.38307226	6.4547677	13.8125	16.8125	-22.625	-0.010995574	-0.029321533	0.019547688	156.0
19:04:26	-9999	-9999	1008.13	-7.2209125	0.2873042	6.5505357	14.125	16.875	-22.9375	0.002443461	0.0036651916	-0.014660766	145.0
19:04:27	-9999	-9999	1008.16	-7.1634517	0.2681506	6.4547677	14.375	16.5	-22.875	0.013439035	0.02321288	-0.009773844	140.0
19:04:28	-9999	-9999	1008.25	-7.2209125	0.30645782	6.493075	14.9375	17.125	-23.125	0.009773844	0.0012217305	-0.004886922	156.0
19:04:29	-9999	-9999	1008.19	-7.1251445	0.32561144	6.4739213	16.0625	17.5	-23.3125	0.015882496	0.010995574	-0.012217305	156.0
19:04:30	-9999	-9999	1008.19	-7.1059904	0.4213795	6.397307	16.375	16.9375	-23.375	0.010995574	-0.05009095	0.019547688	156.0
19:04:31	-9999	-9999	1008.19	-7.8529816	0.38307226	6.3589997	16.0	17.25	-22.0	-0.02687807	0.095294975	-0.039095376	158.0
19:04:32	-9999	-9999	1008.16	-8.178593	0.095768064	5.133168	17.25	17.375	-20.9375	-0.04886922	0.043982297	-0.05131268	161.0
19:04:33	-9999	-9999	1008.19	-7.5848308	0.21068975	5.93762	16.6875	17.625	-21.375	0.07086037	-0.007330383	-0.018325957	133.0
19:04:34	-9999	-9999	1008.1	-7.469909	0.38307226	6.090849	15.8125	17.8125	-20.375	0.02687807	-0.0061086523	0.014660766	152.0
19:04:35	-9999	-9999	1008.19	-7.603985	0.45968673	6.1100025	16.625	17.4375	-20.5625	-0.012217305	0.014660766	-0.002443461	152.0
19:04:36	-9999	-9999	1008.19	-7.4124484	0.51714754	6.0525417	16.5625	17.625	-19.625	0.030543262	0.009773844	-0.015882496	128.0
19:04:37	-9999	-9999	1008.25	-7.6231384	0.45968673	5.995081	17.375	17.5625	-18.25	-0.028099801	0.087964594	-0.08307768	159.0
19:04:38	-9999	-9999	1008.13	-7.699753	0.7086837	5.9759274	16.9375	17.75	-17.9375	-0.25289822	-0.11484267	0.07452556	159.0
19:04:39	-9999	-9999	1008.1	-7.5848308	0.5554548	5.9567738	15.5625	17.875	-17.875	-0.014660766	-0.032986723	0.039095376	156.0
19:04:40	-9999	-9999	1008.16	-7.603985	0.5363012	5.9184666	14.1875	17.0625	-17.75	0.02076942	0.013439035	-0.008552114	156.0
19:04:41	-9999	-9999	1008.16	-7.603985	0.5363012	5.9759274	13.5625	17.625	-16.875	0.002443461	-0.002443461	0.002443461	156.0
19:04:42	-9999	-9999	1008.22	-7.603985	0.51714754	5.9759274	13.1875	17.5	-17.5625	-0.018325957	-0.02565634	0.019547688	156.0
19:04:43	-9999	-9999	1008.19	-7.565677	0.5363012	6.0716953	12.5625	18.0	-17.375	-0.007330383	-0.009773844	0.007330383	156.0
19:04:44	-9999	-9999	1008.19	-7.6231384	0.51714754	6.0142345	12.625	17.625	-16.5	0.004886922	0.014660766	-0.002443461	156.0
19:04:45	-9999	-9999	1008.19	-7.6614456	0.5746084	5.9184666	13.5625	17.125	-18.125	0.018325957	0.008552114	0.0036651916	156.0
19:04:46	-9999	-9999	1008.22	-7.5848308	0.5554548	5.9567738	13.75	17.5	-17.9375	0.018325957	-0.004886922	0.007330383	156.0
19:04:47	-9999	-9999	1008.1	-7.565677	0.5746084	5.9759274	12.9375	17.125	-18.1875	0.015882496	0.002443461	-0.0061086523	156.0
19:04:48	-9999	-9999	1008.16	-7.5848308	0.45968673	5.995081	14.0625	17.375	-17.625	-0.0036651916	-0.002443461	0.0061086523	156.0
19:04:49	-9999	-9999	1008.13	-7.642292	0.49799395	5.8801594	13.25	17.0	-18.5	0.0061086523	0.004886922	-0.008552114	156.0
19:04:50	-9999	-9999	1008.16	-7.565677	0.5554548	6.033388	13.4375	17.1875	-18.6875	-0.0061086523	0.002443461	0.004886922	156.0
19:04:51	-9999	-9999	1008.13	-7.6614456	0.61291564	5.9184666	13.875	17.3125	-18.625	0.02565634	0.009773844	0.0012217305	156.0
19:04:52	-9999	-9999	1008.19	-7.6614456	0.51714754	6.0142345	14.375	16.8125	-18.625	-0.002443461	-0.010995574	0.009773844	156.0
19:04:53	-9999	-9999	1008.13	-7.6231384	0.5554548	6.0716953	14.0	17.0	-19.125	-0.0036651916	-0.007330383	-0.0036651916	156.0
19:04:54	-9999	-9999	1008.19	-7.5465236	0.38307226	6.033388	14.5625	16.875	-18.9375	-0.0036651916	0.008552114	-0.040317107	156.0
19:04:55	-9999	-9999	1008.13	-7.6614456	0.61291564	6.129156	14.625	17.1875	-18.9375	-0.007330383	-0.010995574	0.018325957	156.0
19:04:56	-9999	-9999	1008.19	-7.680599	0.80445176	6.0142345	14.625	17.1875	-19.1875	0.013439035	0.0	0.0012217305	156.0
19:04:57	-9999	-9999	1008.13	-7.5465236	0.5746084	6.090849	13.875	19.75	-19.25	0.037873644	-0.002443461	0.0036651916	156.0
19:04:58	-9999	-9999	1008.16	-7.6231384	0.47884035	6.0142345	14.0625	22.8125	-20.3125	0.013439035	0.007330383	-0.007330383	158.0
19:04:59	-9999	-9999	1008.19	-7.6614456	0.8810662	5.9759274	15.0	24.0625	-22.125	0.002443461	-0.004886922	0.02687807	158.0
19:05:00	-9999	-9999	1008.19	-7.7572136	1.7238252	5.650316	17.25	23.25	-24.125	0.018325957	0.0012217305	0.004886922	158.0
19:05:01	-9999	-9999	1008.13	-7.8146744	1.685518	5.803545	19.5625	19.375	-25.25	-0.028099801	-0.034208454	0.007330383	166.0
19:05:02	-9999	-9999	1008.13	-7.8912888	1.4939818	5.803545	17.4375	19.875	-23.3125	0.04153884	0.042760566	-0.02321288	205.0
19:05:03	-9999	-9999	1008.19	-7.5082164	1.0342951	5.765238	19.875	21.8125	-27.25	0.007330383	0.040317107	-0.007330383	238.0
19:05:04	-9999	-9999	1008.25	-7.335834	1.091756	6.2249246	22.375	18.0	-28.0	-0.002443461	-0.030543262	0.004886922	266.0
19:05:05	-9999	-9999	1008.16	-7.9870567	1.0342951	6.646304	22.75	16.375	-27.25	-0.018325957	0.02565634	-0.08307768	280.0
19:05:06	-9999	-9999	1008.16	-6.9527617	0.91937345	6.090849	21.1875	20.0625	-27.5	-0.036651913	-0.047647487	0.029321533	280.0
19:05:07	-9999	-9999	1008.13	-7.240066	0.5746084	6.5696893	28.25	18.0	-31.25	0.0036651916	0.030543262	-0.0036651916	294.0
19:05:08	-9999	-9999	1008.04	-7.5082164	0.076614454	6.090849	22.375	16.4375	-23.3125	-0.034208454	0.02565634	-0.02076942	294.0
19:05:09	-9999	-9999	1008.04	-7.201759	0.4213795	6.3206925	21.125	20.4375	-21.6875	-0.0036651916	0.029321533	-0.035430185	280.0
19:05:10	-9999	-9999	1008.1	-7.469909	1.6663644	5.9567738	29.625	28.125	-25.6875	0.06841691	0.040317107	0.017104227	280.0
19:05:11	-9999	-9999	1008.1	-7.603985	0.78529817	6.3781533	30.875	16.625	-24.0625	0.012217305	-0.02565634	-0.02687807	238.0
19:05:12	-9999	-9999	1008.1	-7.5082164	0.076614454	6.2823853	26.375	15.6875	-22.625	0.012217305	0.002443461	-0.014660766	238.0
19:05:13	-9999	-9999	1008.07	-7.4124484	0.0	6.090849	19.0	12.8125	-18.3125	0.02565634	0.04153884	0.0	224.0
19:05:14	-9999	-9999	1008.07	-7.393295	0.15322891	6.4739213	17.3125	19.5625	-18.875	-0.014660766	-0.09162979	0.047647487	196.0
19:05:15	-9999	-9999	1008.07	-7.393295	0.51714754	6.301539	20.25	19.0625	-19.5	-0.037873644	-0.015882496	0.009773844	168.0
19:05:16	-9999	-9999	1008.07	-7.4124484	0.7086837	6.1866174	21.6875	16.8125	-20.6875	0.010995574	-0.0036651916	0.02076942	168.0
19:05:17	-9999	-9999	1008.1	-7.3549876	1.3215994	6.167464	19.875	15.5625	-19.5	0.018325957	-0.013439035	0.017104227	168.0
19:05:18	-9999	-9999	1008.1	-7.4124484	1.4556746	5.9184666	18.1875	17.1875	-18.5625	0.02565634	0.037873644	-0.02687807	168.0
19:05:20	-9999	-9999	1008.13	-7.5465236	1.283292	6.0525417	17.9375	18.5	-18.6875	0.013439035	0.007330383	-0.035430185	168.0
19:05:21	-9999	-9999	1008.07	-7.393295	1.1300632	6.090849	19.25	20.375	-20.4375	0.02076942	0.010995574	-0.03176499	168.0
19:05:22	-9999	-9999	1008.00995	-7.603985	1.340753	5.93762	18.4375	18.0	-20.625	0.036651913	0.043982297	-0.02687807	168.0
19:05:23	-9999	-9999	1007.93	-7.642292	1.091756	6.205771	18.5625	19.875	-20.75	0.0	0.040317107	-0.04642576	168.0
19:05:24	-9999	-9999	1007.95996	-7.5082164	0.91937345	6.2632318	21.25	18.875	-21.4375	0.004886922	0.02687807	-0.02443461	168.0
19:05:25	-9999	-9999	1008.00995	-7.699753	0.842759	6.0716953	19.75	15.5	-20.25	0.029321533	-0.007330383	-0.0012217305	196.0
19:05:26	-9999	-9999	1007.88995	-7.3549876	1.2449849	5.765238	14.5625	16.125	-20.875	0.080634214	-0.02076942	0.015882496	196.0
19:05:27	-9999	-9999	1008.00995	-7.3166804	0.9576807	6.129156	15.6875	17.25	-21.1875	0.029321533	0.03176499	-0.0061086523	196.0
19:05:28	-9999	-9999	1007.98	-7.335834	1.0726024	6.129156	18.375	19.8125	-21.3125	-0.07696902	-0.059864793	0.062308256	196.0
19:05:29	-9999	-9999	1007.82996	-7.144298	0.6703765	5.9567738	20.1875	17.0	-23.75	0.14294247	-0.05009095	0.08307768	196.0
19:05:30	-9999	-9999	1007.86	-8.00621	0.9576807	6.244078	15.125	14.5625	-22.1875	-0.061086524	0.034208454	-0.061086524	168.0
19:05:31	-9999	-9999	1007.8	-7.603985	0.7086837	6.3589997	8.3125	21.6875	-25.375	-0.06719518	0.06841691	-0.0061086523	168.0
19:05:32	-9999	-9999	1007.82996	-7.431602	0.8619126	5.861006	16.6875	26.5	-29.4375	0.06841691	0.0	0.02687807	168.0
19:05:33	-9999	-9999	1007.74	-7.929596	0.9959879	5.9184666	21.5625	21.375	-30.125	0.052534413	0.042760566	0.032986723	168.0
19:05:34	-9999	-9999	1007.8	-7.73806	1.091756	6.033388	18.6875	19.1875	-30.125	-0.030543262	-0.043982297	0.013439035	154.0
19:05:35	-9999	-9999	1007.68	-7.489063	1.091756	5.9567738	20.3125	21.9375	-32.125	-0.02443461	0.02687807	-0.0012217305	182.0
19:05:36	-9999	-9999	1007.64996	-7.335834	1.2641385	5.765238	22.25	16.625	-30.8125	0.015882496	-0.029321533	0.07452556	196.0
19:05:37	-9999	-9999	1007.63	-7.6231384	0.45968673	5.9759274	19.5625	13.75	-29.125	-0.0036651916	-0.012217305	-0.014660766	196.0
19:05:38	-9999	-9999	1007.69	-7.1059904	0.91937345	6.0142345	16.3125	10.5625	-24.8125	-0.03176499	-0.009773844	-0.017104227	210.0
19:05:39	-9999	-9999	1007.6	-7.469909	0.6703765	5.803545	15.375	13.25	-23.875	-0.040317107	-0.042760566	-0.008552114	168.0
19:05:40	-9999	-9999	1007.44	-6.9719152	0.7278373	5.841852	12.125	14.75	-23.5	0.002443461	-0.008552114	0.058643065	181.0
19:05:41	-9999	-9999	1007.5	-7.201759	0.80445176	5.9759274	13.1875	15.25	-22.625	0.037873644	0.019547688	0.029321533	195.0
19:05:42	-9999	-9999	1007.6	-7.776367	0.93852705	5.9184666	16.1875	16.9375	-22.1875	-0.028099801	0.042760566	-0.02565634	196.0
19:05:43	-9999	-9999	1007.6	-7.872135	1.1300632	5.66947	15.875	16.1875	-21.375	0.15515977	0.17959438	0.007330383	238.0
19:05:44	-9999	-9999	1007.69	-6.3589997	0.9768343	5.401319	18.875	18.25	-23.375	0.12705997	-0.15271631	0.12095132	238.0
19:05:45	-9999	-9999	1007.57	-6.742072	1.3215994	5.841852	19.125	17.5	-23.5625	0.1600467	-0.010995574	0.073303826	252.0
19:05:46	-9999	-9999	1007.56	-6.9719152	0.91937345	5.2289367	19.3125	17.6875	-25.3125	0.052534413	0.052534413	-0.028099801	252.0
19:05:47	-9999	-9999	1007.54	-9.519346	0.59376204	5.4779334	20.0	16.0	-25.0	-0.032986723	0.2773328	-0.08552113	196.0
19:05:48	-9999	-9999	1007.6	-8.331821	1.1300632	5.401319	16.8125	12.3125	-23.6875	-0.043982297	0.04520403	0.06841691	154.0
19:05:49	-9999	-9999	1007.41	-2.8538885	1.9728222	7.8146744	12.3125	10.6875	-24.75	0.548557	-1.9877555	-0.065973446	154.0
19:05:50	-9999	-9999	1007.38	2.4133554	5.803545	7.2592196	-7.9375	7.125	-24.625	1.5601498	-0.63163465	0.39584067	182.0
19:05:51	-9999	-9999	1007.32	0.32561144	2.777274	9.289502	-6.125	12.125	-23.625	-0.034208454	0.06841691	0.18570304	168.0
19:05:52	-9999	-9999	1007.38	7.2592196	3.2944214	6.8569937	-14.4375	13.0	-17.5625	-0.29810223	-1.1545353	0.5766568	112.0
19:05:53	-9999	-9999	1007.32	1.0342951	2.030283	9.500193	-7.375	15.625	-23.625	0.004886922	1.0238101	0.23457226	170.0
19:05:54	-9999	-9999	1007.44995	-0.82360536	3.3901896	8.734048	4.0625	15.25	-26.5	-0.31764993	-0.21746802	0.26389378	253.0
19:05:55	-9999	-9999	1007.36	-0.1340753	2.4708161	7.603985	3.0625	17.0	-27.375	-0.1001819	0.57543504	-0.2919936	225.0
19:05:56	-9999	-9999	1007.38995	5.554548	5.746084	8.082825	-11.3125	13.0	-23.6875	0.0036651916	0.5742133	-0.6939429	168.0
19:05:57	-9999	-9999	1007.50995	6.991069	3.9839516	4.1371803	-14.4375	8.6875	-15.875	0.25289822	0.06352998	-0.2406809	0.0
19:05:58	-9999	-9999	1007.32	6.4739213	2.0685902	6.7803793	-14.625	18.25	-22.4375	-0.089186326	0.19914207	0.02076942	0.0
19:05:59	-9999	-9999	1007.41	6.339846	2.4133554	6.991069	-16.8125	14.75	-26.125	-0.07819075	0.07941248	0.042760566	0.0
19:06:00	-9999	-9999	1007.23	6.3781533	2.1452048	7.201759	-18.125	17.3125	-30.75	0.042760566	-0.014660766	0.018325957	0.0
19:06:01	-9999	-9999	1007.38	6.5696893	2.0111294	7.489063	-15.8125	11.6875	-29.625	0.09896017	-0.15393804	0.059864793	0.0
19:06:02	-9999	-9999	1007.41	6.3206925	1.6663644	7.0485296	-10.6875	15.75	-33.5	-0.036651913	0.021991149	-0.012217305	0.0
19:06:03	-9999	-9999	1007.38	6.933608	2.2409728	7.776367	-11.375	15.1875	-27.75	-0.20158553	0.10995574	0.08307768	0.0
19:06:04	-9999	-9999	1007.29	6.2823853	1.5897499	6.6079965	-10.8125	14.9375	-27.1875	0.10751228	0.0036651916	-0.034208454	0.0
19:06:05	-9999	-9999	1007.32	6.1100025	1.4173675	6.531382	-16.0625	11.5	-26.6875	0.035430185	-0.095294975	-0.010995574	0.0
19:06:06	-9999	-9999	1007.35	6.397307	1.340753	6.7229185	-15.6875	15.625	-24.25	0.002443461	0.0061086523	-0.040317107	0.0
19:06:07	-9999	-9999	1007.23	6.8569937	0.8810662	7.489063	-14.3125	20.1875	-23.1875	-0.12583824	0.08307768	0.042760566	0.0
19:06:08	-9999	-9999	1007.19995	6.435614	0.63206923	7.9104424	-15.875	19.8125	-28.25	-0.032986723	-0.0061086523	-0.02076942	0.0
19:06:09	-9999	-9999	1007.19995	6.301539	0.6895301	7.4124484	-20.8125	18.75	-30.9375	0.032986723	0.02076942	-0.0061086523	0.0
19:06:10	-9999	-9999	1007.25995	6.6654577	1.3215994	7.680599	-23.3125	15.4375	-30.25	-0.019547688	0.05009095	0.05009095	0.0
19:06:11	-9999	-9999	1007.35	5.650316	0.22984336	7.7572136	-28.0625	11.4375	-32.6875	0.002443461	-0.018325957	0.002443461	0.0
19:06:12	-9999	-9999	1007.19995	5.9567738	0.22984336	7.7189064	-24.875	8.75	-26.875	-0.02565634	0.04642576	0.004886922	0.0
19:06:13	-9999	-9999	1007.41	5.9759274	1.8387469	7.5465236	-25.1875	8.25	-27.1875	0.062308256	0.019547688	-0.030543262	0.0
19:06:14	-9999	-9999	1007.23	5.803545	1.6663644	7.6231384	-24.4375	8.9375	-27.5625	0.032986723	-0.002443461	0.036651913	0.0
19:06:15	-9999	-9999	1007.32	5.803545	1.7046716	7.603985	-24.5625	8.375	-27.25	0.009773844	0.010995574	-0.0012217305	0.0
19:06:16	-9999	-9999	1007.35	5.209783	1.436521	8.0445175	-24.0	8.4375	-28.0625	0.036651913	0.0061086523	0.08307768	0.0
19:06:17	-9999	-9999	1007.25995	5.2863975	1.532289	8.0445175	-23.9375	8.5625	-28.1875	0.0061086523	-0.007330383	-0.0061086523	0.0
19:06:18	-9999	-9999	1007.35	5.66947	1.8387469	7.52737	-25.4375	7.9375	-26.1875	-0.47891834	0.68294734	-0.056199603	0.0
19:06:19	-9999	-9999	1007.29	4.673482	0.80445176	8.542512	-22.625	10.625	-29.375	0.010995574	0.039095376	-0.014660766	0.0
19:06:20	-9999	-9999	1007.32	4.0797195	0.82360536	9.193734	-21.3125	10.625	-31.3125	0.047647487	-0.09040806	-0.002443461	0.0
19:06:21	-9999	-9999	1007.29	4.5777135	1.6280571	8.619126	-22.25	8.5	-30.375	0.3848451	-0.12339478	-0.10751228	0.0
19:06:22	-9999	-9999	1007.35	4.232949	3.9073372	7.2783732	-21.75	-0.1875	-30.5625	0.22235495	-0.056199603	0.08552113	0.0
19:06:23	-9999	-9999	1007.29	5.2289367	2.5091233	7.7189064	-24.1875	6.0625	-28.1875	-0.1001819	0.17104226	0.09896017	10.0
19:06:24	-9999	-9999	1007.25995	5.1523223	1.3599066	8.101978	-23.75	9.1875	-28.8125	-0.021991149	-0.017104227	-0.096516706	6.0
19:06:25	-9999	-9999	1007.32	5.7843914	1.9536686	7.565677	-24.5625	8.4375	-27.9375	0.03176499	-0.056199603	-0.02076942	10.0
19:06:26	-9999	-9999	1007.32	5.66947	1.436521	7.872135	-24.25	9.875	-28.0	-0.04642576	-0.080634214	0.087964594	12.0
19:06:27	-9999	-9999	1007.32	5.650316	0.076614454	8.159439	-23.125	15.0625	-27.8125	-0.18448131	-0.05497787	0.002443461	5.0
19:06:28	-9999	-9999	1007.32	4.060566	0.38307226	8.676587	-21.3125	12.3125	-30.6875	-0.119729586	0.31398472	-0.11362094	7.0
19:06:29	-9999	-9999	1007.32	5.841852	1.1875241	7.680599	-24.5	11.375	-27.3125	0.09162979	0.06352998	0.037873644	6.0
19:06:30	-9999	-9999	1007.29	5.9184666	1.4939818	7.699753	-24.875	9.8125	-27.5	-0.0061086523	-0.037873644	0.008552114	6.0
19:06:31	-9999	-9999	1007.32	5.3821654	0.7086837	8.159439	-22.75	11.6875	-29.3125	0.06841691	-0.09040806	0.07574729	5.0
19:06:32	-9999	-9999	1007.29	6.244078	2.030283	7.1251445	-23.25	9.4375	-26.8125	0.040317107	0.009773844	0.032986723	12.0
19:06:33	-9999	-9999	1007.29	6.14831	2.1068976	7.2783732	-20.5625	9.875	-24.6875	0.05009095	0.008552114	0.059864793	12.0
19:06:34	-9999	-9999	1007.32	6.1866174	2.2601264	7.2592196	-14.25	11.3125	-22.5625	-0.05131268	0.05131268	-0.040317107	10.0
19:06:35	-9999	-9999	1007.23	5.4204726	2.1452048	7.9104424	-4.75	17.5625	-16.8125	0.07086037	-0.021991149	0.042760566	10.0
19:06:36	-9999	-9999	1007.29	5.592855	1.9919758	8.00621	-17.125	20.75	-27.3125	0.05009095	0.009773844	0.05131268	12.0
19:06:37	-9999	-9999	1007.35	5.592855	1.5514427	7.9104424	-18.9375	22.625	-32.5625	0.040317107	-0.029321533	0.032986723	12.0
19:06:38	-9999	-9999	1007.23	5.746084	1.436521	7.833828	-10.375	17.9375	-25.6875	0.05131268	-0.087964594	0.02443461	12.0
19:06:39	-9999	-9999	1007.11	6.0142345	0.8619126	7.73806	-13.1875	16.5625	-26.1875	-0.034208454	-0.02443461	0.0061086523	15.0
19:06:40	-9999	-9999	1007.11	7.144298	0.9959879	7.0485296	-14.9375	19.0625	-26.875	-0.030543262	-0.09162979	0.021991149	19.0
19:06:41	-9999	-9999	1007.23	7.5848308	0.91937345	6.5505357	-15.625	23.0	-23.4375	-0.057421334	-0.058643065	-0.004886922	17.0
19:06:42	-9999	-9999	1007.25995	7.642292	1.2066777	6.6654577	-21.125	20.9375	-19.625	-0.0842994	-0.15271631	-0.14782938	19.0
19:06:43	-9999	-9999	1007.13995	7.431602	0.93852705	6.2823853	-25.125	19.25	-17.1875	-0.2761111	0.10873401	-0.17715092	20.0
19:06:44	-9999	-9999	1007.17	6.991069	0.82360536	6.646304	-30.5	16.5	-17.5	-0.35796702	0.22724187	-0.20769419	24.0
19:06:45	-9999	-9999	1007.23	4.2904096	0.34476504	8.236053	-27.875	14.6875	-22.4375	0.095294975	0.064751714	-0.11728613	19.0
19:06:46	-9999	-9999	1007.07996	4.9224787	0.7278373	6.9719152	-29.3125	14.5625	-22.0	0.39828414	0.15149458	-0.17592919	17.0
19:06:47	-9999	-9999	1007.19995	4.2904096	-1.6472107	8.465898	-24.75	14.5	-24.3125	0.095294975	-0.013439035	0.13927728	17.0
19:06:48	-9999	-9999	1007.19995	4.0414124	-0.9576807	8.734048	-23.25	17.875	-24.5625	-0.018325957	-0.014660766	-0.05375614	20.0
19:06:49	-9999	-9999	1007.23	4.76925	0.32561144	8.159439	-22.25	18.25	-23.5	0.032986723	-0.021991149	0.089186326	17.0
19:06:50	-9999	-9999	1007.32	5.1140146	2.0111294	8.082825	-24.25	18.4375	-27.0625	0.04886922	0.02687807	-0.064751714	13.0
19:06:51	-9999	-9999	1007.19995	5.3438582	2.0685902	8.446744	-22.8125	14.75	-25.5625	0.065973446	-0.013439035	0.0720821	8.0
19:06:52	-9999	-9999	1007.11	5.1140146	1.7429788	8.37013	-19.3125	19.4375	-24.125	0.09040806	-0.002443461	0.07452556	10.0
19:06:53	-9999	-9999	1007.11	4.76925	1.532289	9.059659	-20.1875	18.6875	-26.5625	-0.004886922	0.12217305	0.040317107	12.0
19:06:54	-9999	-9999	1007.19995	4.8841715	1.091756	8.312668	-18.75	21.0	-24.3125	-0.017104227	0.07819075	0.09896017	15.0
19:06:55	-9999	-9999	1007.23	4.76925	0.5746084	8.829816	-19.3125	21.4375	-32.0625	0.10629055	0.009773844	0.11484267	12.0
19:06:56	-9999	-9999	1007.13995	4.5394063	0.4213795	8.1402855	-17.0	17.0	-27.9375	0.112399206	0.02443461	0.10629055	12.0
19:06:57	-9999	-9999	1007.13995	4.596867	0.38307226	8.734048	-15.0	19.0	-26.5	-0.012217305	0.07086037	0.047647487	10.0
19:06:59	-9999	-9999	1007.17	4.711789	0.8810662	8.868123	-13.0	20.1875	-25.25	0.07086037	0.02565634	0.02687807	8.0
19:07:00	-9999	-9999	1007.19995	4.367024	0.6895301	8.485051	-13.5625	20.1875	-25.0	0.012217305	0.036651913	-0.004886922	8.0
19:07:01	-9999	-9999	1007.19995	4.405331	1.0342951	8.408437	-11.0625	19.75	-23.75	0.05131268	0.002443461	0.05497787	8.0
19:07:02	-9999	-9999	1007.17	4.4244847	1.1492168	8.619126	-10.875	19.6875	-24.75	0.09040806	-0.02565634	0.12950343	8.0
19:07:03	-9999	-9999	1007.05	4.7309427	1.4939818	8.944737	-9.4375	18.9375	-26.0625	0.019547688	-0.042760566	0.21135938	12.0
19:07:04	-9999	-9999	1007.11	4.1180267	1.1300632	8.599973	-7.75	17.9375	-26.6875	0.028099801	0.10140363	0.035430185	15.0
19:07:05	-9999	-9999	1007.07996	4.3287168	1.3790601	8.63828	-6.9375	17.75	-27.875	0.25778514	-0.17837265	0.13805555	13.0
19:07:06	-9999	-9999	1007.05	4.654328	1.2258313	9.021352	-6.25	13.5625	-26.5625	-0.013439035	0.010995574	0.11728613	12.0
19:07:07	-9999	-9999	1007.05	4.156334	0.90021986	8.255207	-5.3125	16.125	-27.75	0.12217305	-0.061086524	0.062308256	12.0
19:07:08	-9999	-9999	1007.11	5.056554	1.2258313	8.983045	-1.1875	12.1875	-23.125	0.18936823	-0.04153884	0.07574729	12.0
19:07:09	-9999	-9999	1007.05	4.6926355	0.9959879	8.485051	1.125	14.1875	-23.5	-0.04642576	0.02443461	0.064751714	12.0
19:07:10	-9999	-9999	1007.07996	3.7541082	2.777274	8.829816	4.1875	10.125	-26.5625	0.22968534	-0.056199603	0.14049901	112.0
19:07:11	-9999	-9999	1007.11	4.271256	2.6431987	8.734048	7.5625	5.9375	-23.625	-0.0061086523	0.12950343	0.11362094	135.0
19:07:12	-9999	-9999	1006.99	4.0414124	2.2409728	8.42759	6.3125	1.5625	-24.8125	0.04642576	-0.12950343	0.14660765	131.0
19:07:13	-9999	-9999	1007.07996	5.4779334	1.9919758	8.63828	2.3125	3.8125	-24.75	-0.028099801	-0.036651913	0.16737708	121.0
19:07:14	-9999	-9999	1006.99	5.4204726	1.6280571	7.5848308	-1.875	4.3125	-27.75	0.018325957	0.019547688	0.05009095	121.0
19:07:15	-9999	-9999	1007.13995	6.0142345	0.90021986	7.9870567	-2.875	5.8125	-29.5	-0.036651913	0.002443461	0.14049901	112.0
19:07:16	-9999	-9999	1007.01996	6.1866174	0.32561144	7.3166804	-4.6875	6.75	-28.625	-0.09407325	0.052534413	-0.037873644	108.0
19:07:17	-9999	-9999	1007.17	6.3589997	0.40222588	6.83784	-7.5625	8.25	-28.3125	0.14538592	-0.21502456	-0.09773844	110.0
19:07:18	-9999	-9999	1006.95996	6.8569937	0.2873042	7.680599	-9.0	10.25	-30.5	-0.1001819	0.13439035	-0.17837265	110.0
19:07:19	-9999	-9999	1006.99	5.535394	1.1492168	6.895301	-6.5625	14.8125	-31.0625	-0.036651913	0.042760566	-0.25289822	113.0
19:07:20	-9999	-9999	1007.05	6.6271505	2.4708161	7.489063	-9.125	13.8125	-29.4375	0.61941737	-0.4251622	-0.752586	115.0
19:07:21	-9999	-9999	1006.99	5.7269306	1.5514427	7.872135	-15.875	13.5625	-29.0625	-0.13316862	0.02076942	-0.13194689	136.0
19:07:22	-9999	-9999	1007.01996	6.4164605	1.4939818	7.240066	-15.8125	15.625	-24.0625	-0.029321533	0.02321288	-0.008552114	106.0
19:07:23	-9999	-9999	1007.01996	5.803545	0.7469909	7.8529816	-12.875	22.0625	-26.125	0.0061086523	-0.09040806	-0.029321533	94.0
19:07:24	-9999	-9999	1007.01996	5.4779334	0.5746084	7.9104424	-17.875	19.75	-30.0625	-0.15882497	0.17104226	-0.028099801	94.0
19:07:25	-9999	-9999	1007.05	5.4779334	1.4173675	7.795521	-18.125	15.0625	-27.625	-0.028099801	-0.014660766	-0.019547688	99.0
19:07:26	-9999	-9999	1007.05	5.7843914	1.5897499	7.9487495	-12.3125	16.5	-24.8125	-0.002443461	0.0061086523	0.0036651916	99.0
19:07:27	-9999	-9999	1006.99	5.497087	1.340753	7.335834	-15.375	21.3125	-24.9375	-0.040317107	-0.004886922	-0.008552114	96.0
19:07:28	-9999	-9999	1006.93	5.861006	0.6895301	8.101978	-11.8125	20.75	-26.0	0.0012217305	-0.018325957	0.013439035	96.0
19:07:29	-9999	-9999	1007.01996	5.746084	0.30645782	8.197746	-14.25	21.375	-27.75	-0.029321533	-0.02687807	0.035430185	96.0
19:07:30	-9999	-9999	1006.89996	5.995081	0.2681506	8.00621	-17.3125	24.0625	-28.375	-0.019547688	-0.032986723	-0.02076942	96.0
19:07:31	-9999	-9999	1007.01996	5.554548	-0.5746084	7.776367	-16.3125	13.9375	-24.9375	0.02565634	0.49235737	0.12950343	87.0
19:07:32	-9999	-9999	1006.93	3.083732	0.32561144	9.270349	-13.375	15.125	-28.8125	0.047647487	-0.24678956	0.056199603	99.0
19:07:33	-9999	-9999	1006.93	3.8881836	1.532289	8.7532015	-14.0625	14.125	-28.1875	0.03176499	-0.06841691	-0.0061086523	108.0
19:07:34	-9999	-9999	1007.11	3.371036	1.2641385	9.442732	-12.9375	17.0	-28.125	0.12705997	-0.087964594	0.0	112.0
19:07:35	-9999	-9999	1006.99	3.6391866	0.91937345	8.695741	-16.75	18.0	-33.6875	-0.17837265	0.29077184	-0.12583824	105.0
19:07:36	-9999	-9999	1007.01996	2.528277	-2.8538885	8.983045	-13.75	22.625	-30.75	0.096516706	-0.20891592	0.035430185	12.0
19:07:37	-9999	-9999	1006.95996	5.305551	-4.060566	9.346964	-15.125	22.5625	-26.8125	-0.9651671	-0.376293	-0.13439035	8.0
19:07:38	-9999	-9999	1006.99	7.393295	-3.0071173	4.903325	-22.125	17.9375	-12.375	0.9370673	-0.63529986	-0.009773844	92.0
19:07:39	-9999	-9999	1006.95996	9.883265	-0.19153613	0.7469909	-25.125	16.125	-14.125	-0.2761111	-0.36774087	0.05375614	6.0
19:07:40	-9999	-9999	1007.01996	9.481039	1.4556746	-1.8387469	-24.8125	12.625	-2.0	-0.61575216	-0.21135938	-0.47769663	1.0
19:07:41	-9999	-9999	1007.07996	8.90643	-0.15322891	3.9456444	-20.375	21.125	-1.5625	-2.2137756	0.43493605	-0.28221974	3.0
19:07:42	-9999	-9999	1006.99	9.691729	-4.596867	2.27928	-25.125	2.375	-0.75	-1.8020525	0.74281216	0.24312437	54.0
19:07:43	-9999	-9999	1006.95996	5.899313	-0.6512229	7.374141	-27.0	-13.25	-15.6875	1.2486086	-1.9181169	1.3732251	266.0
19:07:44	-9999	-9999	1006.99	0.49799395	1.532289	11.147403	-20.125	-2.0625	-40.9375	0.8014552	-0.5448918	-0.2883284	265.0
19:07:45	-9999	-9999	1007.07996	-1.532289	-5.439626	27.044903	1.3125	-23.0	-36.875	0.0720821	0.037873644	-1.645671	272.0
